[layers]
count=2
[noisesettings_1]
type=simple
seed=1659715846
strength=0.333000
layerscount=4
baseroughness=1.077000
roughness=2.238000
persistence=0.500000
centerx=2.620000
centery=0.000000
centerz=0.000000
minvalue=0.899000
weightmultiplier=0.500000
[noisesettings_2]
type=rigid
seed=1659715846
strength=0.571000
layerscount=5
baseroughness=2.774000
roughness=3.429000
persistence=0.869000
centerx=0.000000
centery=0.000000
centerz=0.000000
minvalue=0.000000
weightmultiplier=0.500000
[colorsettings]
useoceancolor=1
oceandepth=7.833000
oceancolor=0.534840 0.314232 0.760618
planetcolor=0.861004 0.196136 0.196136
uselandmassramp=1
[gradientsettings]
markscount=4
pos_1=0.095271
color_1=0.128008 0.773663 0.929870
pos_2=0.450864
color_2=0.553191 0.331341 0.833766
pos_3=0.686899
color_3=0.929862 0.929861 0.929870
pos_4=0.980305
color_4=0.190797 0.384937 0.395675