[layers]
count=2
[noisesettings_1]
type=simple
seed=1529471721
strength=0.178000
iterations=2
baseroughness=1.269000
roughness=3.223000
persistence=0.482000
centerx=0.000000
centery=0.000000
centerz=0.000000
minvalue=0.635000
weightmultiplier=0.500000
[noisesettings_2]
type=rigid
seed=1529471721
strength=1.472000
iterations=4
baseroughness=3.249000
roughness=2.000000
persistence=0.500000
centerx=0.000000
centery=0.000000
centerz=0.000000
minvalue=0.000000
weightmultiplier=0.685000
[colorsettings]
useoceancolor=1
oceandepth=9.000000
oceancolor=0.820513 0.316005 0.041656
planetcolor=0.627451 0.083045 0.083045
uselandmassramp=1
[gradientsettings]
markscount=4
pos_1=0.031408
color_1=0.231320 0.147222 0.168230
pos_2=0.057815
color_2=0.923352 0.554432 0.329956
pos_3=0.412509
color_3=0.837096 0.553035 0.669870
pos_4=0.971148
color_4=0.680865 0.567452 0.415800